### bzr hashcache v5
scripts/casper-bottom/01integrity_check// 955890294737091e63fe0354338a3d7837bc6195 236 1156327003 1175243272 2797320 65026 33261
bin/casper-snapshot// e3489e20b3fab49078415909e8e30e6aeada7ae7 7249 1170883262 1175243272 2650404 65026 33261
scripts/casper-bottom/31disable_update_notifier// 4c997fc117f720370568c093db8a0397188cb9bd 758 1170287090 1175243272 2797341 65026 33261
ubiquity-hooks/30accessibility// 0958fb99b456a0e5607d922ee46876079a0603b2 5825 1161768422 1175243272 2797351 65026 33261
ubiquity-hooks/25modules// 481f529635fdec8fe370ab22fa12a6d1496290f4 102 1156327004 1175243272 2797349 65026 33261
debian/casper.init// 27b6bf1f3c2a99534a8e1f1e5497950f9b53d98d 3049 1172271384 1175243272 2698475 65026 33261
casper-md5check/Makefile// a20c5efe497de83df2332f0e73f792d270434f3c 136 1156327003 1175243272 2666010 65026 33188
debian/compat// 9c6b057a2b9d96a4067a749ee3b3b0158d390cf1 2 1156327003 1175243272 2797314 65026 33188
caspermon/caspermond// 9e2e681ca531f7a456b48d84066f733426429179 195 1156327003 1175243272 3176174 65026 33188
scripts/casper-bottom/23etc_modules// b0f24e47d7c032ffb9ee7e6576b0592e16cafa02 380 1160182259 1175243272 2797336 65026 33261
scripts/casper-bottom/23networking// 9f14584575d5ee197ae3b494778d7f99c5907ab0 2626 1170883263 1175243272 2797337 65026 33261
debian/ubiquity-casper.install// ebb38a2616bbe52d2251a0491fb802182f7a58e7 79 1156327003 1175243272 2797317 65026 33188
bin/casper-preseed// 38d106ff04fa227d8020ef15a51ef83890908e3b 447 1161010242 1175243272 2650400 65026 33261
scripts/casper-bottom/18hostname// c796b9a6c2204d07058ee1610f3c5fddf44700c7 560 1160182259 1175243272 2797331 65026 33261
caspermon/GNOME_PythonAppletCasper.server// f9ee2d9802aa8e45c1914eb84174d9f25ee4804d 1289 1156327003 1175243272 2715261 65026 33188
casper-md5check/casper-md5check.c// 7d0efa54b1557626559f872376c247a5c4ebf796 5639 1158797545 1175243272 2666011 65026 33188
scripts/casper-bottom/05mountpoints// fd83d189dcacb8dda120f93842389ec595c0c843 383 1160182259 1175243272 2797321 65026 33261
scripts/casper-bottom/35fix_language_selector// 9fe1ea38496f7b268a75bdee849784084ea5639e 564 1161009696 1175243272 2797345 65026 33261
debian/casper.postinst// 5dddb5fd3c5a55ef5811de0f50a638629027dc88 45 1156327003 1175243272 2797312 65026 33188
bin/casper-login// 855f8a43fd7369d26539d9f05b68f8e260f1af0f 102 1170883262 1175243272 2650402 65026 33261
scripts/casper-bottom/40install_driver_updates// dc11269d3e3c4b9c75954ed2b636c673d9161e26 682 1173091007 1175243272 2797346 65026 33261
scripts/casper-helpers// d89a2592479d98151d70390ae3599aa638336f97 5261 1170883262 1175243272 2845617 65026 33188
caspermon/caspermon-applet// 3520ff10b8e14df3621db508403a805bbfd93c30 2044 1156327003 1175243272 2715262 65026 33261
scripts/casper-bottom/22screensaver// 7298bb1b554c196fbe2aced20655bde8620ef587 681 1170883263 1175243272 2797335 65026 33261
ubiquity-hooks/20xconfig// 3fd721ec32965b3d0ec14721de432a5633045a36 284 1157543281 1175243272 2797347 65026 33261
casper-md5check/md5.c// b061db5633387dc0326420d53bbe441871594ec1 12434 1156327003 1175243272 2666012 65026 33188
scripts/casper-bottom/19keyboard// d09d192c1b353257db0b13a4868aa499650670fc 2108 1170883263 1175243272 2797332 65026 33261
scripts/casper-bottom/14locales// 5ff2e5412316a3e80175a7fb5497983901630849 1262 1170883263 1175243272 2797329 65026 33261
scripts/casper-premount/10driver_updates// ce6570a4918195bb5431effcc11bbc8384f6f239 3418 1172271348 1175243272 2812832 65026 33261
debian/changelog// 21be3ff871466e3fce094402350f0d2e1921bedc 53989 1175243389 1175243389 2797328 65026 33188
casper-md5check/md5.h// c97fb515d06b76bab12ef69e4624c29d3e4c6540 3392 1156327003 1175243272 2666013 65026 33188
scripts/casper-bottom/34disable_kwallet// 0ee08e019f41500f3ace6f9bebe1ef58d6bd6cbc 305 1160182258 1175243272 2797344 65026 33261
casper.conf// 45491e46b31a194d8278620e20e908c3f0d2afbf 230 1170883262 1175243272 1277094 65026 33188
scripts/casper-bottom/32disable_hibernation// 60dbfcd4645b10c04ff674303793ee8c577d0462 1025 1167830676 1175243272 2797342 65026 33261
scripts/casper-bottom/13swap// b819a166e880a625785baadcb1836c47c42b2cfa 742 1175243299 1175243299 2845618 65026 33261
debian/manpage/casper-snapshot.1// 4acc25a87d88d2d63cee322876ac71efc6e52ed2 2420 1170883262 1175243272 2812822 65026 33188
scripts/casper// 1f12bacf83b6517d8fd325f1cc32fbd12928a6a0 16403 1175243420 1175243420 2845620 65026 33188
scripts/casper-functions// 7afb690d1e5552ac7401647bb905122ad28b147d 388 1172271347 1175243272 2845616 65026 33188
debian/manpage/casper.7// f6e62ac3244d22d49078a647eff72435987a5126 5601 1170883262 1175243272 2812823 65026 33188
debian/casper.manpages// 524695e044b5c2a46a96d81972c9dba0486ded27 57 1170883262 1175243272 2797315 65026 33188
debian/copyright// 82976a34e1403756cf87249154f8dfec4cb4ebd5 2047 1170883262 1175243272 2797318 65026 33188
debian/rules// 89206711523431d1cd91b95d1cf977f77e1d5104 1358 1170883263 1175243272 2797319 65026 33261
scripts/casper-bottom/24preseed// 82a43c111479dbe4805890e5b8ad04e57005ac19 687 1160182258 1175243272 2797338 65026 33261
ubiquity-hooks/32gnome_power_manager// e939455ab2649796681e31144b9c88b0d68d7cac 74 1156327004 1175243272 2797350 65026 33261
scripts/casper-bottom/15autologin// 61ce6f8119393b6322aba1323ef6f8c909e1b911 1511 1160182259 1175243272 2797330 65026 33261
bin/casper-reconfigure// c05419f3fe05565dd2df6800cb01cbb3d6a31736 1018 1170883263 1175243272 2650403 65026 33261
scripts/casper-bottom/12fstab// 244b9946089fbc4343273677b3933ba31a0115c9 395 1160182258 1175243272 2797327 65026 33261
scripts/casper-bottom/22gnome_panel_data// 54d575db83abd22f6821bf44d8fdb7c1da881533 668 1160182259 1175243272 2797334 65026 33261
scripts/casper-bottom/25configure_init// 2b11c6a1e04a1436867d73f9df7913101b8b4fbf 1415 1174314205 1175243272 2797339 65026 33261
scripts/casper-bottom/30accessibility// c58884caf7f81afec5de5ed4acd1f148e395265b 5774 1161768422 1175243272 2797340 65026 33261
scripts/casper-bottom/20xconfig// 35fc3ad373603eb407a6eb656c8543f5bf1fe29f 1371 1170883263 1175243272 2797333 65026 33261
debian/control// cc15c870d0fbd040c3e8eb2db41cb19a3bb443c9 1182 1173261137 1175243272 2797316 65026 33188
debian/casper.install// 548ef9da1d3bea7f626b839d8ae117672fe52b2e 222 1170883263 1175243272 2698476 65026 33188
scripts/casper-bottom/33disable_binary_drivers// c7008f948e4bdbb197346d7fcc089b8d5d834ef8 420 1160182259 1175243272 2797343 65026 33261
scripts/casper-bottom/10adduser// a52e4d02fc8ed4c039978cbf5081ad94d78e3825 1879 1170883263 1175243272 2797326 65026 33261
bin/casper-getty// 73aad6ca70990164767ee3e6237cbfff75455d2a 268 1170883263 1175243272 2650401 65026 33261
ubiquity-hooks/22gnome_panel_data// ddaec0d7bde7995836973b76b75e378f82aafdc6 101 1156327004 1175243272 2797348 65026 33261
hooks/casper// bff8380ffa7ca500660d9db9d52890e5edf4d9d8 1521 1172271348 1175243272 3745305 65026 33261
ubiquity-hooks/40install_driver_updates// 2366a4977b4d149691f51116f97120e63561b4a1 572 1173091007 1175243272 2797352 65026 33261
debian/casper.dirs// c1cc3f457d01c3ac7b39ff33de40dea9b4458270 88 1156327003 1175243272 2698474 65026 33188
