### bzr hashcache v5
scripts/casper-bottom/01integrity_check// 955890294737091e63fe0354338a3d7837bc6195 236 1161776745 1161776745 2064807 771 33261
scripts/casper-bottom/31disable_update_notifier// 660124dcd8f498844359b0e9fa569afde6f5fb8d 374 1161776745 1161776745 2064824 771 33261
ubiquity-hooks/30accessibility// 4e20f8abbff76bf05456a2f034a16b8da3c80ccb 4880 1161776745 1161776745 2064832 771 33261
scripts/casper-bottom/22screensaver// 25ad361a7eb9452db24155acbf86d6d9c9c4627d 545 1161776745 1161776745 2064818 771 33261
debian/casper.init// 4252ab65e280ddacea59deac95a7a9dbab01205a 1115 1161776745 1161776745 2064795 771 33261
casper-md5check/Makefile// a20c5efe497de83df2332f0e73f792d270434f3c 136 1161776745 1161776745 2064784 771 33188
debian/compat// 9c6b057a2b9d96a4067a749ee3b3b0158d390cf1 2 1161776745 1161776745 2064799 771 33188
caspermon/caspermond// 9e2e681ca531f7a456b48d84066f733426429179 195 1161776745 1161776745 2064793 771 33188
scripts/casper-bottom/23etc_modules// b0f24e47d7c032ffb9ee7e6576b0592e16cafa02 380 1161776745 1161776745 2064819 771 33261
scripts/casper-bottom/23networking// 25ca564732fe9865c2407bbf6f1dde9ddff89eb7 751 1161776745 1161776745 2064820 771 33261
debian/ubiquity-casper.install// ebb38a2616bbe52d2251a0491fb802182f7a58e7 79 1161776745 1161776745 2064803 771 33188
bin/casper-preseed// 38d106ff04fa227d8020ef15a51ef83890908e3b 447 1161776745 1161776745 2064780 771 33261
scripts/casper-bottom/18hostname// c796b9a6c2204d07058ee1610f3c5fddf44700c7 560 1161776745 1161776745 2064814 771 33261
caspermon/GNOME_PythonAppletCasper.server// f9ee2d9802aa8e45c1914eb84174d9f25ee4804d 1289 1161776745 1161776745 2064791 771 33188
casper-md5check/casper-md5check.c// 7d0efa54b1557626559f872376c247a5c4ebf796 5639 1161776745 1161776745 2064786 771 33188
scripts/casper-bottom/05mountpoints// fd83d189dcacb8dda120f93842389ec595c0c843 383 1161776745 1161776745 2064808 771 33261
scripts/casper-bottom/20xconfig// 1de1d7b05c1046fa28ba0d63380254bd7de210c4 1232 1161776745 1161776745 2064816 771 33261
debian/casper.postinst// 5dddb5fd3c5a55ef5811de0f50a638629027dc88 45 1161776745 1161776745 2064797 771 33188
caspermon/caspermon-applet// 3520ff10b8e14df3621db508403a805bbfd93c30 2044 1161776745 1161776745 2064792 771 33261
ubiquity-hooks/25modules// 481f529635fdec8fe370ab22fa12a6d1496290f4 102 1161776745 1161776745 2064831 771 33261
ubiquity-hooks/20xconfig// 3fd721ec32965b3d0ec14721de432a5633045a36 284 1161776745 1161776745 2064829 771 33261
casper-md5check/md5.c// b061db5633387dc0326420d53bbe441871594ec1 12434 1161776745 1161776745 2064788 771 33188
scripts/casper-bottom/19keyboard// f79b24a3fb03b4ffebfa890a703f588eb364a6b2 2100 1161776745 1161776745 2064815 771 33261
scripts/casper-bottom/14locales// 78afb5faccdc6d7eb5eb96a05961dfdc4d0a5c23 1042 1161776745 1161776745 2064812 771 33261
debian/changelog// 29091a620f64fbb66fe56efc5f551e63a3e00831 43162 1161776767 1161776767 2064798 771 33188
casper-md5check/md5.h// c97fb515d06b76bab12ef69e4624c29d3e4c6540 3392 1161776745 1161776745 2064790 771 33188
scripts/casper-bottom/34disable_kwallet// 0ee08e019f41500f3ace6f9bebe1ef58d6bd6cbc 305 1161776745 1161776745 2064827 771 33261
scripts/casper-functions// 6827a9fa616a6e134daa1b21223f7dd8671df5c9 178 1161776745 1161776745 2064806 771 33188
scripts/casper-bottom/32disable_hibernation// ab7be9a3add53ad9ca0dc3670b39d446f662ff7c 946 1161776745 1161776745 2064825 771 33261
scripts/casper-bottom/13swap// 32a532d8282321d8f28b5d1f1253c7c4bae83c00 732 1161776745 1161776745 2064811 771 33261
scripts/casper// efd6c413431b4a0a8bd353dfa68aca6c250896a0 10297 1161776745 1161776745 2064805 771 33188
casper.conf// a7096051ff5c0bfd29e4baf8bbf6a2ec84e5b8ba 188 1161776745 1161776745 2064778 771 33188
debian/copyright// 61cba5fa680dd28c6f2db130afd86b16d6bfb3c3 1026 1161776745 1161776745 2064801 771 33188
debian/rules// 78b541d685073129b7aea7a93db423e966512555 1094 1161776745 1161776745 2064802 771 33261
scripts/casper-bottom/24preseed// 82a43c111479dbe4805890e5b8ad04e57005ac19 687 1161776745 1161776745 2064821 771 33261
ubiquity-hooks/32gnome_power_manager// e939455ab2649796681e31144b9c88b0d68d7cac 74 1161776745 1161776745 2064833 771 33261
scripts/casper-bottom/15autologin// 61ce6f8119393b6322aba1323ef6f8c909e1b911 1511 1161776745 1161776745 2064813 771 33261
scripts/casper-bottom/35fix_language_selector// 9fe1ea38496f7b268a75bdee849784084ea5639e 564 1161776745 1161776745 2064828 771 33261
bin/casper-reconfigure// 0a2e2ca16d55fd72d91797da9ebedc68e43768ab 1013 1161776745 1161776745 2064782 771 33261
scripts/casper-bottom/12fstab// 244b9946089fbc4343273677b3933ba31a0115c9 395 1161776745 1161776745 2064810 771 33261
scripts/casper-bottom/22gnome_panel_data// 54d575db83abd22f6821bf44d8fdb7c1da881533 668 1161776745 1161776745 2064817 771 33261
scripts/casper-bottom/25configure_init// d9d1e6957f25386d5305d8056a4ee47ee6fcc594 1421 1161776745 1161776745 2064822 771 33261
scripts/casper-bottom/30accessibility// 6dfe2cc562741b5ca3dbed42ae3db9667b33ab88 5167 1161776745 1161776745 2064823 771 33261
debian/control// 5c1a2f628b7e5587436e937b6b1bc7171a4413e7 772 1161776745 1161776745 2064800 771 33188
debian/casper.install// c9c7d7b7b5ffd1aa19c68a495567a59a1379e3ef 144 1161776745 1161776745 2064796 771 33188
scripts/casper-bottom/33disable_binary_drivers// c7008f948e4bdbb197346d7fcc089b8d5d834ef8 420 1161776745 1161776745 2064826 771 33261
scripts/casper-bottom/10adduser// 1829103ca216bfd1f154218d866e2709ecfc254e 1707 1161776745 1161776745 2064809 771 33261
ubiquity-hooks/22gnome_panel_data// ddaec0d7bde7995836973b76b75e378f82aafdc6 101 1161776745 1161776745 2064830 771 33261
hooks/casper// 11bc4ea909ec71e46a3cb1595d8bb1d56f84d547 1497 1161776745 1161776745 2064804 771 33261
debian/casper.dirs// c1cc3f457d01c3ac7b39ff33de40dea9b4458270 88 1161776745 1161776745 2064794 771 33188
