### bzr hashcache v5
casper-bottom/22gnome_panel_data// 80c5b865d63e131d95bea05d6fc250f3183c1385 611 1145864458 1145864458 2786303 64772 33261
ubiquity-hooks/25modules// 481f529635fdec8fe370ab22fa12a6d1496290f4 102 1145871099 1145871099 2786302 64772 33261
casper-md5check/Makefile// e7e0fe56add33d087fa46674cf7c7ccb7da0e27f 94 1140424169 1140424169 230776 64772 33188
debian/compat// 9c6b057a2b9d96a4067a749ee3b3b0158d390cf1 2 1140424169 1140424169 230752 64772 33188
casper-bottom/19keyboard// 17a8a421e96c57245f8dcfe70196726ff3b7a641 685 1145620660 1145620660 246086 64772 33261
caspermon/caspermond// 9e2e681ca531f7a456b48d84066f733426429179 195 1140424169 1140424169 230762 64772 33188
debian/ubiquity-casper.install// ebb38a2616bbe52d2251a0491fb802182f7a58e7 79 1145620660 1145620660 246084 64772 33188
debian/casper.initramfs// f27bd6f9712a83725120dfd9e972bf4facd31954 8442 1145625158 1145625158 231679 64772 33188
casper-bottom/25configure_init// f0926740f9fcbfc5b305075ee371236907de98ce 1266 1143536187 1143547128 230821 64772 33261
casper-bottom/22screensaver// f5b23f7ba181aa0e9ce373295e2302cd6ba0af4a 528 1144765451 1144765451 231564 64772 33261
caspermon/GNOME_PythonAppletCasper.server// f9ee2d9802aa8e45c1914eb84174d9f25ee4804d 1289 1140424169 1140424169 230788 64772 33188
casper-md5check/casper-md5check.c// 51311f5679822c8df957c6b9df45f410eb7c522e 5254 1143545569 1143545569 1327299 64772 33188
casper-bottom/14locales// 8edba03ad7e1f748befa7654314b247c936b5e46 700 1145628068 1145628068 2786658 64772 33261
debian/casper.postinst// f5e5ce47e7f9515809bced25e433b42dc65ca9b5 32 1140424169 1140424169 230767 64772 33188
casper-bottom/01integrity_check// 955890294737091e63fe0354338a3d7837bc6195 236 1145628489 1145628489 229663 64772 33261
casper-bottom/30accessibility// 4df74bfd6be64193aa73980317adadc20610dba1 3017 1144765438 1144765438 230318 64772 33261
casper-bottom/31disable_update_notifier// 85a714a2d41fa0766a8740b84f864f1643c29dba 301 1144765615 1144765615 230339 64772 33261
casper-bottom/05mountpoints// 021e2b8276d6691ce4dd9e3d0a01e7a16e4ad26c 373 1141309097 1143547128 229697 64772 33261
caspermon/caspermon-applet// 3520ff10b8e14df3621db508403a805bbfd93c30 2044 1140424169 1140424169 230778 64772 33261
ubiquity-hooks/20xconfig// 8d8a5ee4f1a4d64c85bc837d2ddfa50656adabd3 276 1140424169 1140424169 230775 64772 33261
casper-md5check/md5.c// b061db5633387dc0326420d53bbe441871594ec1 12434 1140424169 1140424169 230764 64772 33188
debian/changelog// dd1737517644f0036e2fd413198c3cd88095820b 31089 1145885995 1145885995 231675 64772 33188
casper-md5check/md5.h// c97fb515d06b76bab12ef69e4624c29d3e4c6540 3392 1140424169 1140424169 230763 64772 33188
casper-bottom/13swap// f14ddae2c7354b1adf7cdd0fbcb74cf1070cd33e 722 1140424169 1143547128 230761 64772 33261
casper-bottom/18hostname// bc528312cbf8fbc552bc49060c82f5c77b52859f 552 1145868800 1145868800 2786660 64772 33261
share/shutdown// 9a306ded60c0aaff41888509552d27933d9f86a9 1035 1145439132 1145439132 229474 64772 33261
casper-bottom/23etc_modules// 97813ab93f53e90fb6821705c94e888bed64febb 370 1143533322 1143547128 230802 64772 33261
debian/casper.initramfs-hooks// 236309f4c625c5223a1a49bfc541bb593a2e6c17 1255 1140424169 1140424169 230781 64772 33188
debian/rules// 18b3b18fe80b8bed8080ce4820fc8fe902210629 1340 1140424169 1140424169 230751 64772 33261
casper-bottom/15autologin// 0dcf33af10a35d1cef55370e322ebf1112dd6b0b 1520 1145885943 1145885943 2786661 64772 33261
casper-bottom/20xconfig// e1b47d1e855557267fb0eb3bca8648ab360bef9e 1094 1145628101 1145628101 2786659 64772 33261
TODO// 9e1a14cf24b2d0b35d4ca83580188d91806dda58 209 1140424169 1140424169 230747 64772 33188
bin/casper-reconfigure// 05fd19f71129d1437a94cd0f0ec34b9ad04be1b2 994 1140424169 1140424169 230768 64772 33261
debian/copyright// 61cba5fa680dd28c6f2db130afd86b16d6bfb3c3 1026 1140424169 1140424169 230758 64772 33188
casper-bottom/10adduser// 7ffc53157eba0be3e6898a33439db4181d60a398 1611 1145620660 1145620660 246088 64772 33261
casper-bottom/12fstab// f600aec88b95b6fed02843cd08972ef476c3ca3c 385 1144762728 1144762728 231568 64772 33261
debian/control// 411dbccec3e3394b94f631f4c23a7f158645f5a3 760 1145864421 1145864422 1219654 64772 33188
debian/casper.install// 4ff26a25eac6ede5efa8d35b380c7407ddec1abf 120 1140424169 1140424169 230766 64772 33188
casper-bottom/23networking// 391a8acce29fa49c5f511632ab8f797f4f52f1ff 570 1140424169 1143547128 230779 64772 33261
casper-bottom/24preseed// 506ab3e2f774e7583f27d5cc926a735334d31a56 435 1141121732 1143547128 229933 64772 33261
ubiquity-hooks/22gnome_panel_data// ddaec0d7bde7995836973b76b75e378f82aafdc6 101 1140424169 1140424169 230786 64772 33261
debian/casper.dirs// 5615dc69ef1709c94c444ace800ef31eb751b388 85 1140424169 1140424169 230760 64772 33188
